4,738
204,735
404,738
605,740
805,744
1006,752
1206,757
1406,754
1607,753
1808,755
2009,758
2208,758
2409,756
2610,756
2810,756
3011,757
3211,754
3411,753
3612,756
3813,757
4014,756
4213,754
4414,755
4615,756
4815,754
5016,753
5216,756
5416,758
5617,756
5818,755
6018,755
6218,755
6419,753
6620,751
6820,754
7020,758
7221,756
7421,753
7622,754
7823,754
8023,753
8223,751
8424,753
8625,756
8825,755
9025,752
9226,752
9426,755
9627,752
9828,750
10028,754
10228,756
10429,754
10630,752
10830,751
11031,753
11231,752
11431,749
11632,756
11833,755
12034,753
12234,752
12434,751
12635,752
12835,751
13036,749
13237,753
13437,755
13637,753
13838,750
14039,751
14239,752
14440,750
14641,748
14840,745
15041,755
15242,753
15442,750
15643,751
15844,748
16044,750
16244,748
16445,751
16646,753
16846,752
17047,754
17248,759
17447,759
17648,758
17849,757
18050,757
18250,758
18451,753
18651,755
18851,758
19052,758
19253,756
19453,756
19654,756
19854,757
20055,754
20255,753
20456,756
20657,757
20857,752
21057,750
21258,748
21458,745
21659,755
21860,753
22061,750
22260,751
22461,748
22662,750
22862,748
23063,751
23264,753
23463,752
23664,754
23865,759
24066,759
24266,758
24467,757
24667,757
24867,758
25068,753
25269,755
25469,758
25670,758
25870,756
26071,756
26271,756
26472,757
26673,754
26873,753
27073,756
27274,757
27474,753
27675,751
27876,750
28077,749
28277,752
28477,748
28678,748
28878,746
29079,749
29280,751
29480,753
29680,752
29881,752
30082,744
30282,746
30483,750
30684,753
30883,754
31084,754
31285,749
31485,756
31686,758
31887,753
32087,758
32287,758
32488,756
32689,756
32889,756
33090,757
33290,754
33490,753
33691,756
33892,757
34093,752
34293,750
34493,748
34694,745
34894,755
35095,744
35296,746
35496,750
35696,753
35897,754
36098,754
36298,749
36499,756
36700,754
36900,752
37100,755
37301,756
37501,759
37702,758
37903,756
38104,752
38303,758
38504,756
38705,777
38905,752
39106,753
39307,751
39506,750
39707,749
39908,752
40109,748
40309,748
40510,746
40710,749
40910,751
41111,753
41312,752
41512,752
41713,744
41913,746
42114,750
42314,753
42515,754
42716,754
42916,749
43117,756
43317,758
43517,744
43718,748
43919,756
44120,759
44320,758
44520,756
44721,752
44921,754
45122,750
45323,749
45523,746
45723,746
45924,747
46125,749
46325,750
46526,753
46727,754
46926,755
47127,756
47328,757
47528,755
47729,755
47930,755
48130,754
48330,756
48531,752
48732,750
48932,750
49133,749
49334,748
49533,744
49734,743
49935,746
50136,748
50336,748
50537,747
50737,749
50937,752
51138,755
51339,754
51539,754
51740,753
51940,751
52141,747
52341,751
52542,748
52743,749
52943,749
53143,749
53344,748
53544,751
53745,753
53946,752
54147,751
54346,749
54547,749
54748,748
54948,750
55149,750
55350,750
55550,750
55751,751
55952,749
56152,748
56352,751
56553,753
56754,751
56954,750
57155,748
57355,753
57555,752
57756,751
57957,757
58158,758
58358,757
58558,757
58759,758
58959,759
59160,757
59361,760
59561,764
59761,763
59962,762
60163,759
60363,765
60564,764
60765,763
60965,767
61165,770
61366,769
61566,768
61767,769
61968,772
62169,770
62368,771
62569,774
62770,776
62970,773
63171,773
63372,781
63571,775
63772,775
63973,775
64174,780
64374,780
64575,779
64775,778
64975,779
65176,780
65377,779
65577,781
65778,786
65978,784
66179,783
66379,783
66580,785
66781,784
66981,782
67182,785
67382,788
67582,788
67783,786
67984,787
68185,789
68385,787
68585,786
68786,789
68986,792
69187,791
69388,790
69588,791
69788,792
69989,790
70190,789
70390,794
70591,796
70792,795
70991,793
71192,794
71393,795
71593,793
71794,792
71995,796
72195,797
72395,795
72596,798
72797,796
72997,796
73198,793
73399,793
73598,797
73799,798
74000,796
74201,795
74401,796
74602,797
74802,795
75002,795
75203,800
75404,800
75604,797
75805,794
76005,798
76206,798
76406,794
76607,797
76808,799
77008,799
77208,800
77409,797
77609,796
77810,798
78011,796
78212,797
78411,800
78612,800
78813,797
79013,798
79214,798
79415,798
79616,795
79815,797
80016,798
80217,800
80417,798
80618,798
80819,799
81018,798
81219,796
81420,798
81620,802
81821,801
82022,800
82222,799
82422,800
82623,800
82824,798
83024,800
83225,801
83425,802
83625,800
83826,796
84027,801
84228,800
84428,798
84628,800
84829,802
85029,803
85230,801
85431,800
85632,801
85832,802
86032,799
86233,801
86433,804
86634,804
86835,802
87035,800
87235,801
87436,801
87636,798
87837,800
88038,801
88239,803
88438,800
88639,793
88840,800
89040,800
89241,798
89442,800
89641,804
89842,802
90043,800
90244,800
90444,802
90645,801
90845,798
91045,802
91246,804
91447,802
91648,801
91848,802
92048,801
92249,799
92449,799
92650,801
92851,802
93051,800
93252,799
93452,800
93652,801
93853,799
94054,798
94255,802
94455,803
94655,799
94856,800
95056,801
95257,801
95458,799
95659,799
95858,802
96059,803
96260,800
96460,800
96661,801
96862,802
97061,800
97262,801
97463,804
97664,806
97864,804
98065,801
98265,803
98465,803
98666,800
98867,801
99067,805
99268,804
99468,802
99668,802
99869,803
100070,804
100271,800
100471,803
100672,805
100873,804
101072,803
101273,803
101474,806
101675,803
101875,797
102076,805
102277,806
102477,805
102677,803
102878,804
103078,804
103279,803
103480,800
103681,804
103881,805
104082,803
104283,802
104482,803
104683,804
104884,802
105084,801
105285,804
105486,806
105687,803
105887,801
106087,804
106288,804
106488,801
106689,800
106890,803
107090,806
107291,803
107492,801
107692,802
107892,801
108093,801
108294,800
108494,803
108695,805
108896,803
109096,802
109297,802
109497,804
109698,801
109898,801
110099,804
110300,805
110500,802
110701,801
110902,803
111101,803
111302,801
111503,802
111704,799
111904,805
112105,803
112306,802
112506,803
112707,804
112907,801
113107,801
113308,804
113509,805
113710,803
113910,802
114111,804
114312,803
114511,800
114712,811
114913,805
115113,805
115314,804
115515,804
115716,804
115916,803
116117,802
116317,804
116517,806
116718,805
116919,803
117120,797
117320,803
117521,802
117722,798
117921,804
118122,806
118323,804
118523,802
118724,802
118925,803
119126,800
119326,800
119527,805
119727,804
119927,802
120128,802
120329,804
120529,803
120730,801
120931,802
121132,805
121331,805
121532,803
121733,806
121933,805
122134,803
122335,804
122535,805
122736,804
122937,802
123137,803
123337,804
123538,801
123739,800
123939,804
124140,806
124341,805
124541,800
124741,804
124942,804
125143,803
125343,801
125544,806
125745,808
125945,805
126146,804
126347,805
126546,805
126747,803
126948,803
127149,806
127349,807
127550,804
127751,803
127951,805
128151,803
128352,802
128552,805
128753,807
128954,807
129155,805
129355,805
129556,806
129756,805
129956,803
130157,805
130358,809
130558,807
130759,803
130960,806
131161,805
131361,803
131561,802
131762,805
131962,806
132163,804
132364,806
132564,804
132765,806
132966,801
133166,801
133366,805
133567,806
133768,803
133968,802
134169,800
134370,804
134571,801
134771,802
134971,805
135172,804
135372,803
135573,801
135774,802
135974,803
136175,800
136376,800
136576,802
136776,805
136977,804
137178,802
137378,802
137579,803
137780,802
137980,800
138181,803
138381,805
138582,804
138782,803
138983,802
139184,804
139384,803
139585,800
139786,802
139985,806
140186,805
140387,804
140588,803
140788,803
140989,804
141190,802
141390,805
141591,806
141791,804
141991,803
142192,797
142393,802
142594,804
142794,803
142995,802
143196,805
143395,806
143596,803
143797,802
143997,802
144198,804
144399,807
144600,804
144800,807
145001,802
145201,805
145401,805
145602,803
145803,803
146003,803
146204,803
146405,802
146606,801
146805,805
147006,805
147207,804
147407,802
147608,802
147809,803
148009,803
148210,800
148411,801
148611,806
148811,804
149012,805
149213,803
149413,803
149614,802
149815,800
150016,800
150215,802
150416,805
150617,804
150817,801
151018,802
151219,803
151419,802
151620,799
151821,802
152020,805
152221,805
152422,801
152623,801
152823,802
153024,802
153225,800
153425,799
153625,805
153826,805
154027,804
154227,801
154428,803
154629,803
154829,802
155030,800
155231,803
155430,804
155631,803
155832,802
156033,800
156233,802
156434,801
156635,800
156835,801
157035,805
157236,804
157436,802
157637,801
157838,803
158039,803
158239,800
158440,802
158641,805
158840,805
159041,803
159242,803
159442,803
159643,806
159844,802
160045,801
160245,804
160445,805
160646,804
160846,803
161047,803
161248,804
161448,803
161649,801
161850,802
162050,805
162250,806
162451,802
162652,803
162852,798
163053,804
163254,802
163454,801
163655,798
163855,806
164056,804
164256,804
164457,803
164658,801
164858,804
165059,801
165260,803
165459,806
165660,807
165861,805
166062,804
166262,806
166463,805
166664,804
166864,803
167065,808
167265,809
167465,807
167666,805
167867,804
168068,806
168268,806
168469,807
168670,804
168869,807
169070,808
169271,806
169472,804
169672,805
169873,806
170074,804
170274,804
170474,800
170675,807
170875,807
171076,806
171277,805
171478,805
171678,806
171879,804
172080,804
172279,807
172480,808
172681,805
172881,800
173082,804
173283,804
173484,804
173684,802
173884,805
174085,807
174285,807
174486,805
174687,803
174887,805
175088,805
175289,802
175490,804
175689,808
175890,808
176091,807
176291,805
176492,805
176693,807
176893,804
177094,804
177294,807
177495,808
177695,808
177896,805
178097,806
178297,806
178498,805
178699,803
178899,806
179099,808
179300,808
179501,806
179701,807
179902,807
180103,806
180303,803
180504,810
180704,807
180904,806
181105,805
181306,804
181507,804
181707,807
181908,804
182109,803
182309,807
182509,808
182710,807
182910,804
183111,805
183312,806
183513,804
183713,803
183914,805
184114,807
184314,806
184515,805
184716,806
184916,806
185117,803
185318,802
185519,806
185719,808
185919,806
186120,805
186320,806
186521,806
186722,803
186923,803
187123,806
187324,808
187524,806
187724,804
187925,814
188126,807
188326,804
188527,804
188728,807
188929,808
189129,806
189329,805
189530,805
189730,804
189931,803
190132,799
190332,806
190533,807
190734,804
190934,803
191134,806
191335,805
191536,802
191736,804
191937,806
192138,808
192338,805
192539,804
192739,808
192940,805
193140,806
193341,805
193542,808
193742,806
193943,805
194144,803
194343,805
194544,804
194745,801
194946,799
195146,805
195347,806
195548,799
195748,802
195949,804
196149,804
196349,800
196550,799
196751,805
196952,806
197152,803
197353,802
197554,804
197753,803
197954,800
198155,802
198355,805
198556,805
198757,804
198958,802
199158,802
199359,804
199559,802
199759,800
199960,803
200161,807
200361,804
200562,802
200763,803
200964,803